0 0 1
0 1 1
0 2 1
0 3 1
0 4 1
0 5 1
0 6 1
0 7 1
0 8 1
0 9 1
0 10 1
0 11 1
0 12 1
0 13 1
0 14 1
0 15 1
0 16 1
0 17 1
0 18 1
0 19 1
0 20 1
0 21 1
0 22 1
0 23 1
0 24 1
0 25 1
0 26 1
0 27 1
0 28 1
0 29 1
1 0 1
1 28 2
1 29 1
2 0 1
2 28 3
2 29 1
3 0 1
3 29 1
4 0 1
4 29 1
5 0 1
5 29 1
6 0 1
6 27 1
6 28 1
6 29 1
7 0 1
7 27 1
7 28 1
7 29 1
8 0 1
8 27 1
8 28 1
8 29 1
9 0 1
9 27 1
9 28 1
9 29 1
10 0 1
10 27 1
10 28 1
10 29 1
11 0 1
11 27 1
11 28 1
11 29 1
12 0 1
12 27 1
12 28 1
12 29 1
13 0 1
13 27 1
13 28 1
13 29 1
14 0 1
14 27 1
14 28 1
14 29 1
15 0 1
15 27 1
15 28 1
15 29 1
16 0 1
16 27 1
16 28 1
16 29 1
17 0 1
17 27 1
17 28 1
17 29 1
18 0 1
18 27 1
18 28 1
18 29 1
19 0 1
19 29 1
20 0 1
20 29 1
21 0 1
21 29 1
22 0 1
22 27 1
22 28 1
22 29 1
23 0 1
23 27 1
23 28 1
23 29 1
24 0 1
24 27 1
24 28 1
24 29 1
25 0 1
25 27 1
25 28 1
25 29 1
26 0 1
26 27 1
26 28 1
26 29 1
27 0 1
27 27 1
27 28 1
27 29 1
28 0 1
28 27 1
28 28 1
28 29 1
29 0 1
29 7 1
29 8 1
29 9 1
29 10 1
29 11 1
29 12 1
29 13 1
29 14 1
29 15 1
29 16 1
29 17 1
29 18 1
29 19 1
29 20 1
29 21 1
29 22 1
29 27 1
29 28 1
29 29 1
30 0 1
30 7 1
30 8 1
30 9 1
30 10 1
30 11 1
30 12 1
30 13 1
30 14 1
30 15 1
30 16 1
30 17 1
30 18 1
30 19 1
30 20 1
30 21 1
30 22 1
30 27 1
30 28 1
30 29 1
31 0 1
31 7 1
31 8 1
31 9 1
31 10 1
31 11 1
31 12 1
31 13 1
31 14 1
31 15 1
31 16 1
31 17 1
31 18 1
31 19 1
31 20 1
31 21 1
31 22 1
31 27 1
31 28 1
31 29 1
32 0 1
32 8 1
32 9 1
32 10 1
32 14 1
32 15 1
32 16 1
32 20 1
32 21 1
32 22 1
32 27 1
32 28 1
32 29 1
33 0 1
33 8 1
33 9 1
33 10 1
33 14 1
33 15 1
33 16 1
33 20 1
33 21 1
33 22 1
33 27 1
33 28 1
33 29 1
34 0 1
34 8 1
34 9 1
34 10 1
34 14 1
34 15 1
34 16 1
34 20 1
34 21 1
34 22 1
34 27 1
34 28 1
34 29 1
35 0 1
35 29 1
36 0 1
36 29 1
37 0 1
37 23 1
37 24 1
37 25 1
37 26 1
37 27 1
37 28 1
37 29 1
38 0 1
38 23 1
38 24 1
38 25 1
38 26 1
38 27 1
38 28 1
38 29 1
39 0 1
39 1 1
39 2 1
39 3 1
39 4 1
39 5 1
39 6 1
39 7 1
39 8 1
39 9 1
39 10 1
39 11 1
39 12 1
39 13 1
39 14 1
39 15 1
39 16 1
39 17 1
39 18 1
39 19 1
39 20 1
39 21 1
39 22 1
39 23 1
39 24 1
39 25 1
39 26 1
39 27 1
39 28 1
39 29 1
