0 0 1
0 1 1
0 2 1
0 3 1
0 4 1
0 5 1
0 6 1
0 7 1
0 8 1
0 9 1
0 10 1
0 11 1
0 12 1
0 13 1
0 14 1
0 15 1
0 16 1
0 17 1
0 18 1
0 19 1
0 20 1
0 21 1
0 22 1
0 23 1
0 24 1
0 25 1
0 26 1
0 27 1
0 28 1
0 29 1
1 0 1
1 29 1
2 0 1
2 29 1
3 0 1
3 29 1
4 0 1
4 29 1
5 0 1
5 29 1
6 0 1
6 29 1
7 0 1
7 29 1
8 0 1
8 29 1
9 0 1
9 29 1
10 0 1
10 29 1
11 0 1
11 29 1
12 0 1
12 29 1
13 0 1
13 29 1
14 0 1
14 29 1
15 0 1
15 29 1
16 0 1
16 29 1
17 0 1
17 29 1
18 0 1
18 29 1
19 0 1
19 29 1
20 0 1
20 29 1
21 0 1
21 29 1
22 0 1
22 29 1
23 0 1
23 29 1
24 0 1
24 29 1
25 0 1
25 29 1
26 0 1
26 29 1
27 0 1
27 29 1
28 0 1
28 29 1
29 0 1
29 29 1
30 0 1
30 29 1
31 0 1
31 29 1
32 0 1
32 29 1
33 0 1
33 29 1
34 0 1
34 29 1
35 0 1
35 29 1
36 0 1
36 29 1
37 0 1
37 29 1
38 0 1
38 29 1
39 0 1
39 1 1
39 2 1
39 3 1
39 4 1
39 5 1
39 6 1
39 7 1
39 8 1
39 9 1
39 10 1
39 11 1
39 12 1
39 13 1
39 14 1
39 15 1
39 16 1
39 17 1
39 18 1
39 19 1
39 20 1
39 21 1
39 22 1
39 23 1
39 24 1
39 25 1
39 26 1
39 27 1
39 28 1
39 29 1
